  scenario fuel rule     p5     중앙값     p95  감축확률
0       기본   경유    A  10.02   30.92   56.57  0.00
1       기본   경유    B  -4.78   -1.13   -0.15  0.74
2       기본   전기    A -41.41  -27.41  -11.23  1.00
3       기본   전기    B -43.66  -28.34  -14.56  1.00
4       보수   경유    A  92.24  131.50  179.66  0.00
5       보수   경유    B  -0.04   -0.00    0.00  0.00
6       보수   전기    A  -4.34   21.95   52.35  0.08
7       보수   전기    B -10.36   -2.25   -0.18  0.84
    읍면   pop65          병원  병원거리km  차고지거리km
0  연천읍  2150.0  경기도의료원포천병원    30.9     10.5
1  전곡읍  4329.0  경기도의료원포천병원    23.0      0.0
2  군남면  1213.0  경기도의료원포천병원    29.6      6.8
3  청산면  1470.0  경기도의료원포천병원    20.8      3.2
4  백학면   972.0  경기도의료원포천병원    35.7     17.2
5  미산면   708.0  경기도의료원포천병원    31.4      9.8
6  왕징면   495.0  경기도의료원포천병원    34.1     11.3
7  신서면  1129.0  경기도의료원포천병원    40.4     22.3
8   중면    51.0  경기도의료원포천병원    39.5     17.0
9  장남면   315.0       메디인병원    35.0     21.7
    cap scenario fuel rule  carfac   수송률     변화율  변화율_시드최소  변화율_시드최대  일별변화_p5  일별변화_p95  배출증가일_비율  출발편수_일평균  출발한_날_비율  차량km_일  차량시간_일  필요차량_p95  차량1대당_시간  최대대기_분
0     6       기본   경유    A     1.0  0.84   29.11     28.31     29.85    11.33     47.67      1.00      5.98      1.00  737.78   29.46       7.0      4.21   40.00
1     6       기본   경유    B     0.7  0.01   -0.13     -0.20     -0.06    -1.58      0.00      0.00      0.07      0.07    3.32    0.20       1.0      0.20   34.55
2     6       기본   경유    B     1.0  0.15   -1.44     -1.57     -1.27    -5.25      0.00      0.00      0.98      0.67   78.39    3.66       2.0      1.83   34.75
3     6       기본   경유    B     2.0  0.86  -27.88    -28.07    -27.53   -35.64    -18.61      0.00      6.41      1.00  743.90   30.28       7.0      4.33   40.00
4     6       기본   경유  B계획     1.0  0.15   -1.44     -1.57     -1.27    -5.25      0.00      0.00      0.98      0.67   78.39    3.66       2.0      1.83   34.75
5     6       기본   경유  B여유     1.0  0.01   -0.41     -0.57     -0.26    -4.30      0.00      0.00      0.09      0.08    4.43    0.26       1.0      0.26   34.29
6     6       기본   전기    A     1.0  0.84  -31.61    -31.80    -31.24   -39.60    -22.23      0.00      5.98      1.00  737.78   29.46       7.0      4.21   40.00
7     6       기본   전기    B     0.7  0.63  -13.31    -13.49    -13.11   -21.32     -5.21      0.00      4.38      1.00  482.16   20.02       6.0      3.34   40.00
8     6       기본   전기    B     1.0  0.89  -32.78    -32.91    -32.42   -40.24    -23.76      0.00      6.78      1.00  794.80   32.23       7.0      4.60   40.00
9     6       기본   전기    B     2.0  0.98  -63.85    -64.00    -63.62   -68.93    -57.70      0.00      8.20      1.00  954.36   38.47       8.0      4.81   40.00
10    6       기본   전기  B계획     1.0  0.89  -32.78    -32.91    -32.42   -40.24    -23.76      0.00      6.78      1.00  794.80   32.23       7.0      4.60   40.00
11    6       기본   전기  B여유     1.0  0.74  -30.54    -30.85    -30.00   -39.54    -19.45      0.00      5.26      1.00  596.48   24.49       7.0      3.50   40.00
12    6       보수   경유    A     1.0  0.84  127.50    125.65    129.25    85.53    169.42      1.00      5.98      1.00  737.78   29.46       7.0      4.21   40.00
13    6       보수   경유    B     0.7  0.00    0.00      0.00      0.00    -0.00      0.00      0.00      0.00      0.00    0.00    0.00       0.0      0.00     NaN
14    6       보수   경유    B     1.0  0.00   -0.00     -0.00     -0.00    -0.00      0.00      0.00      0.00      0.00    0.00    0.00       0.0      0.00     NaN
15    6       보수   경유    B     2.0  0.19   -2.27     -2.40     -2.14    -6.85      0.00      0.00      1.23      0.75  103.33    4.75       3.0      1.58   35.84
16    6       보수   경유  B계획     1.0  0.15    9.01      8.53      9.72    -0.00     24.44      0.67      0.98      0.67   78.39    3.66       2.0      1.83   34.75
17    6       보수   경유  B여유     1.0  0.01    0.19      0.08      0.30    -0.00      1.48      0.08      0.09      0.08    4.43    0.26       1.0      0.26   34.29
18    6       보수   전기    A     1.0  0.84   13.47     12.83     14.04    -1.38     28.97      0.94      5.98      1.00  737.78   29.46       7.0      4.21   40.00
19    6       보수   전기    B     0.7  0.02   -0.26     -0.38     -0.16    -2.85      0.00      0.00      0.13      0.12    7.58    0.41       1.0      0.41   34.00
20    6       보수   전기    B     1.0  0.27   -3.83     -3.94     -3.71    -9.49     -0.00      0.00      1.78      0.87  161.04    7.20       3.0      2.40   37.45
21    6       보수   전기    B     2.0  0.91  -36.21    -36.36    -35.85   -43.68    -27.27      0.00      6.99      1.00  819.79   33.21       7.0      4.74   40.00
22    6       보수   전기  B계획     1.0  0.89   15.78     15.04     16.46     1.65     31.27      0.96      6.78      1.00  794.80   32.23       7.0      4.60   40.00
23    6       보수   전기  B여유     1.0  0.74    5.91      5.52      6.59    -6.08     17.00      0.79      5.26      1.00  596.48   24.49       7.0      3.50   40.00
0    11       기본   경유    A     1.0  0.86   15.11     13.08     16.63    -3.18     37.07      0.90      5.04      1.00  663.15   26.24       6.0      4.37   40.00
1    11       기본   경유    B     0.7  0.05   -0.52     -0.66     -0.45    -3.85      0.00      0.00      0.18      0.18   17.01    0.78       1.0      0.78   40.00
2    11       기본   경유    B     1.0  0.32   -5.07     -5.36     -4.56   -12.58      0.00      0.00      1.43      0.84  171.00    7.06       3.0      2.35   39.79
3    11       기본   경유    B     2.0  0.88  -36.12    -36.85    -35.72   -45.58    -24.77      0.00      5.43      1.00  670.37   27.02       6.0      4.50   40.00
4    11       기본   경유  B계획     1.0  0.32   -5.07     -5.36     -4.56   -12.58      0.00      0.00      1.43      0.84  171.00    7.06       3.0      2.35   39.79
5    11       기본   경유  B여유     1.0  0.09   -2.73     -3.16     -2.35   -11.23      0.00      0.00      0.36      0.33   37.39    1.63       1.0      1.63   39.82
6    11       기본   전기    A     1.0  0.86  -39.47    -40.18    -38.99   -48.87    -27.27      0.00      5.04      1.00  663.15   26.24       6.0      4.37   40.00
7    11       기본   전기    B     0.7  0.74  -22.26    -23.19    -21.45   -31.97    -10.06      0.00      4.01      1.00  504.28   20.32       5.0      4.06   40.00
8    11       기본   전기    B     1.0  0.91  -40.52    -41.19    -40.10   -49.63    -29.06      0.00      5.73      1.00  711.25   28.58       6.0      4.76   40.00
9    11       기본   전기    B     2.0  0.98  -68.08    -68.31    -67.90   -73.54    -60.66      0.00      6.90      1.00  838.51   33.61       7.0      4.80   40.00
10   11       기본   전기  B계획     1.0  0.91  -40.52    -41.19    -40.10   -49.63    -29.06      0.00      5.73      1.00  711.25   28.58       6.0      4.76   40.00
11   11       기본   전기  B여유     1.0  0.80  -39.12    -39.90    -38.59   -49.00    -27.07      0.00      4.64      1.00  577.52   23.29       6.0      3.88   40.00
12   11       보수   경유    A     1.0  0.86  103.54     99.38    107.39    62.93    148.60      1.00      5.04      1.00  663.15   26.24       6.0      4.37   40.00
13   11       보수   경유    B     0.7  0.00   -0.00     -0.01      0.00    -0.00      0.00      0.00      0.00      0.00    0.10    0.01       0.0      0.01   40.00
14   11       보수   경유    B     1.0  0.01   -0.06     -0.14     -0.03    -0.00      0.00      0.00      0.03      0.03    2.54    0.13       0.0      0.13   40.00
15   11       보수   경유    B     2.0  0.39   -6.88     -7.36     -6.21   -15.16     -0.00      0.00      1.79      0.91  220.49    9.01       3.0      3.00   39.87
16   11       보수   경유  B계획     1.0  0.32   17.73     16.29     19.39    -0.00     38.80      0.83      1.43      0.84  171.00    7.06       3.0      2.35   39.79
17   11       보수   경유  B여유     1.0  0.09    2.25      2.00      2.90    -0.00      9.94      0.30      0.36      0.33   37.39    1.63       1.0      1.63   39.82
18   11       보수   전기    A     1.0  0.86    1.04     -0.64      2.20   -14.20     19.46      0.54      5.04      1.00  663.15   26.24       6.0      4.37   40.00
19   11       보수   전기    B     0.7  0.12   -1.52     -1.71     -1.30    -6.80      0.00      0.00      0.51      0.44   54.79    2.35       2.0      1.18   40.00
20   11       보수   전기    B     1.0  0.49   -9.90    -10.52     -9.03   -18.80     -0.39      0.00      2.32      0.96  288.45   11.72       4.0      2.93   39.94
21   11       보수   전기    B     2.0  0.92  -43.59    -44.21    -43.16   -52.23    -32.18      0.00      5.90      1.00  731.90   29.40       6.0      4.90   40.00
22   11       보수   전기  B계획     1.0  0.91    2.93      1.61      4.56   -12.19     21.25      0.61      5.73      1.00  711.25   28.58       6.0      4.76   40.00
23   11       보수   전기  B여유     1.0  0.80   -3.84     -5.00     -2.26   -16.40     10.81      0.33      4.64      1.00  577.52   23.29       6.0      3.88   40.00
