가평군: 400개 완료
광주시: 400개 완료
김포시: 400개 완료
남양주시: 400개 완료
안성시: 400개 완료
양주시: 400개 완료
양평군: 400개 완료
여주시: 400개 완료
연천군: 400개 완료
용인시: 400개 완료
이천시: 400개 완료
파주시: 400개 완료
평택시: 400개 완료
포천시: 400개 완료
화성시: 400개 완료
             count       mean        std        min        25%        50%        75%        max
읍면수         6000.0      9.067      2.489      5.000      6.000      9.000     12.000     13.000
고령인구        6000.0  31309.800  16224.593  12832.000  19187.000  29195.000  34514.000  79268.000
고령고립형비율     6000.0      0.483      0.314      0.111      0.200      0.400      0.900      1.000
평균고령비율      6000.0      0.253      0.059      0.165      0.201      0.239      0.318      0.355
평균종합병원거리km  6000.0     13.831      6.951      6.834      9.565     12.017     13.037     28.431
평균정류장밀도     6000.0      3.107      1.176      1.333      1.865      2.930      4.346      4.838
평균차고지거리km   6000.0     12.035      3.337      6.697     10.361     12.288     13.535     18.053
rate        6000.0      0.008      0.005      0.003      0.004      0.007      0.012      0.020
part        6000.0      0.300      0.115      0.100      0.203      0.300      0.399      0.500
morning     6000.0      0.601      0.115      0.400      0.502      0.603      0.701      0.800
conv        6000.0      0.397      0.142      0.150      0.273      0.395      0.518      0.650
carfac      6000.0      1.349      0.377      0.700      1.025      1.349      1.674      2.000
cap         6000.0      8.488      2.500      6.000      6.000      6.000     11.000     11.000
wait        6000.0     65.125     18.800     45.000     45.000     60.000     90.000     90.000
car_ef      6000.0      0.174      0.019      0.142      0.158      0.175      0.190      0.207
van_ef      6000.0      0.172      0.062      0.090      0.111      0.135      0.232      0.259
참여자_일평균     6000.0     77.909     74.639      3.900     29.558     54.533    100.308    666.833
수송률         6000.0      0.531      0.325      0.000      0.227      0.581      0.833      1.000
최대대기_분      6000.0     41.057     13.879      0.000     35.072     38.200     50.425     70.000
필요차량        6000.0      7.313      6.585      0.000      3.000      6.000     10.000     56.000
차량km_일      6000.0    553.135    654.862      0.000     74.934    338.676    792.361   5082.656
차량시간_일      6000.0     28.380     31.812      0.000      5.084     18.451     40.961    258.387
기준배출_kg일    6000.0    179.767    208.542      5.213     57.108    113.949    221.962   2617.065
탄소변화율       6000.0      0.573     56.339    -85.677    -26.356     -6.095      0.493    665.068
